  1493172215     4.000000
  1493172217     0.000000
  1493172219     0.000000
  1493172221     0.000000
  1493172223     0.000000
  1493172225     0.000000
  1493172227     0.000000
  1493172229     0.000000
  1493172231     0.000000
  1493172233     0.000000
  1493172235     0.000000
  1493172237     0.000000
  1493172239     0.500000
  1493172241     0.000000
  1493172243     0.000000
  1493172245     0.000000
  1493172247     0.000000
  1493172249     0.000000
  1493172251     0.000000
  1493172254     0.000000
  1493172256     0.000000
  1493172258     0.000000
  1493172260     0.000000
  1493172262     0.000000
  1493172264     0.000000
  1493172266     0.000000
  1493172268     0.000000
  1493172270     0.000000
  1493172272     0.000000
  1493172274     0.000000
  1493172276     0.000000
  1493172278     0.000000
  1493172280     0.000000
  1493172282     0.500000
  1493172284     0.000000
  1493172286     0.000000
  1493172288     0.000000
  1493172290     0.000000
  1493172292     0.000000
  1493172294     0.000000
  1493172296     0.000000
  1493172298     0.000000
  1493172300     0.000000
  1493172302     0.000000
  1493172304     0.000000
  1493172306     0.000000
  1493172308     0.000000
  1493172310     0.000000
  1493172312     0.000000
  1493172314     0.000000
  1493172316     0.000000
