  1493172218     2.500000
  1493172220     0.000000
  1493172222     0.000000
  1493172224     0.000000
  1493172226     0.000000
  1493172228     0.500000
  1493172230     0.000000
  1493172232     0.000000
  1493172234     0.000000
  1493172236     0.000000
  1493172238     0.000000
  1493172240     0.500000
  1493172242     0.000000
  1493172244     0.000000
  1493172246     0.000000
  1493172248     0.000000
  1493172250     0.000000
  1493172252     0.000000
  1493172254     0.000000
  1493172256     0.000000
  1493172258     0.000000
  1493172260     0.000000
  1493172262     0.000000
  1493172264     0.000000
  1493172266     0.000000
  1493172268     0.000000
  1493172270     0.000000
  1493172272     0.000000
  1493172274     0.000000
  1493172276     0.000000
  1493172278     0.000000
  1493172280     0.000000
  1493172282     0.000000
  1493172284     0.000000
  1493172286     0.000000
  1493172288     0.000000
  1493172290     0.000000
  1493172292     0.000000
  1493172294     0.000000
  1493172296     0.000000
  1493172298     0.000000
  1493172300     0.000000
  1493172302     0.000000
  1493172304     0.000000
  1493172306     0.000000
  1493172308     0.000000
  1493172310     0.000000
  1493172312     0.000000
  1493172314     0.000000
  1493172316     0.000000
