  1493172216     3.000000
  1493172218     0.000000
  1493172220     0.000000
  1493172222     0.000000
  1493172224     0.000000
  1493172227     1.000000
  1493172229     0.000000
  1493172231     0.000000
  1493172233     0.000000
  1493172235     0.000000
  1493172237     0.000000
  1493172239     0.000000
  1493172241     0.000000
  1493172243     0.000000
  1493172245     0.000000
  1493172247     0.000000
  1493172249     0.000000
  1493172251     0.000000
  1493172253     0.000000
  1493172255     0.000000
  1493172257     0.000000
  1493172259     0.000000
  1493172261     0.500000
  1493172263     0.000000
  1493172265     0.000000
  1493172267     0.000000
  1493172269     0.000000
  1493172271     0.000000
  1493172273     0.000000
  1493172275     0.000000
  1493172277     0.000000
  1493172279     0.000000
  1493172281     0.000000
  1493172283     0.500000
  1493172285     0.000000
  1493172287     0.000000
  1493172289     0.000000
  1493172291     0.000000
  1493172293     0.500000
  1493172295     0.000000
  1493172297     0.000000
  1493172299     0.000000
  1493172301     0.000000
  1493172303     0.000000
  1493172305     0.000000
  1493172307     0.000000
  1493172309     0.000000
  1493172311     0.000000
  1493172313     0.000000
  1493172315     0.000000
  1493172317     0.000000
