  1493172216     97001472
  1493172218    106389504
  1493172220    106389504
  1493172222    106389504
  1493172224    106389504
  1493172226    106389504
  1493172228    106659840
  1493172230    106659840
  1493172232    106659840
  1493172234    106659840
  1493172236    106659840
  1493172238    106659840
  1493172240    106659840
  1493172242    106659840
  1493172244    106659840
  1493172246    106659840
  1493172248    106659840
  1493172250    106659840
  1493172252    106659840
  1493172254    106659840
  1493172256    106659840
  1493172258    106659840
  1493172260    106659840
  1493172262    106659840
  1493172264    106659840
  1493172266    106659840
  1493172268    106659840
  1493172270    106659840
  1493172272    106659840
  1493172274    106659840
  1493172276    106659840
  1493172278    106659840
  1493172280    106659840
  1493172282    106659840
  1493172284    106659840
  1493172286    106659840
  1493172288    106659840
  1493172290    106659840
  1493172292    106659840
  1493172294    106659840
  1493172296    106659840
  1493172298    106659840
  1493172300    106659840
  1493172302    106659840
  1493172304    106659840
  1493172306    106659840
  1493172308    106659840
  1493172310    106659840
  1493172312    106659840
  1493172314    106659840
  1493172316    106659840
