  1493172219     98549760
  1493172221    110571520
  1493172223    110571520
  1493172225    110571520
  1493172227    110571520
  1493172229    110571520
  1493172231    110571520
  1493172233    110571520
  1493172235    110841856
  1493172237    110841856
  1493172239    110841856
  1493172241    110841856
  1493172243    110841856
  1493172245    110841856
  1493172247    110841856
  1493172249    110841856
  1493172251    110841856
  1493172253    110841856
  1493172255    110841856
  1493172257    110841856
  1493172259    110841856
  1493172261    110841856
  1493172263    110841856
  1493172265    110841856
  1493172267    110841856
  1493172269    110841856
  1493172271    110841856
  1493172273    110841856
  1493172275    110841856
  1493172277    110841856
  1493172279    110841856
  1493172281    157683712
  1493172283    161230848
  1493172285    161230848
  1493172287    161230848
  1493172289    161230848
  1493172291    161390592
  1493172293    163610624
  1493172295    163610624
  1493172297    163610624
  1493172299    163610624
  1493172301    163610624
  1493172303    163610624
  1493172305    163610624
  1493172307    163610624
  1493172309    163610624
  1493172311    163610624
  1493172313    163610624
  1493172315    163610624
  1493172317    163762176
