  1493172217     97001472
  1493172219    106881024
  1493172221    107290624
  1493172223    107290624
  1493172225    107290624
  1493172227    107290624
  1493172229    107290624
  1493172231    107290624
  1493172233    107290624
  1493172235    107290624
  1493172237    107290624
  1493172239    107290624
  1493172241    107290624
  1493172243    107290624
  1493172245    107290624
  1493172247    107290624
  1493172249    107696128
  1493172251    107696128
  1493172253    107696128
  1493172255    107696128
  1493172257    107696128
  1493172259    107696128
  1493172261    107696128
  1493172263    107696128
  1493172265    107696128
  1493172267    107696128
  1493172269    107696128
  1493172271    107696128
  1493172273    107696128
  1493172275    107696128
  1493172277    107696128
  1493172279    107696128
  1493172281    107696128
  1493172283    107696128
  1493172285    107696128
  1493172287    107696128
  1493172289    107696128
  1493172291    107696128
  1493172293    107696128
  1493172295    107696128
  1493172297    107696128
  1493172299    107696128
  1493172301    107696128
  1493172303    107696128
  1493172305    107696128
  1493172307    107696128
  1493172309    107696128
  1493172311    107696128
  1493172313    107696128
  1493172315    107696128
  1493172317    107696128
