  1493172213     97001472
  1493172215    106295296
  1493172217    106295296
  1493172219    106295296
  1493172221    106295296
  1493172223    106295296
  1493172225    106295296
  1493172227    106295296
  1493172229    106295296
  1493172231    106565632
  1493172233    106565632
  1493172235    106565632
  1493172237    106565632
  1493172239    106565632
  1493172241    106565632
  1493172244    106565632
  1493172246    106565632
  1493172248    106565632
  1493172250    106565632
  1493172252    106565632
  1493172254    106565632
  1493172256    106565632
  1493172258    106565632
  1493172260    106565632
  1493172262    106565632
  1493172264    106565632
  1493172266    106565632
  1493172268    106565632
  1493172270    106565632
  1493172272    106565632
  1493172274    106565632
  1493172276    106565632
  1493172278    106565632
  1493172280    106565632
  1493172282    106565632
  1493172284    106565632
  1493172286    106565632
  1493172288    106565632
  1493172290    106565632
  1493172292    106565632
  1493172294    106565632
  1493172296    106565632
  1493172298    106565632
  1493172300    106565632
  1493172302    106565632
  1493172304    106565632
  1493172306    106565632
  1493172308    106565632
  1493172310    106565632
  1493172312    106565632
  1493172314    106565632
  1493172316    106565632
