  1493172220     97001472
  1493172222    106393600
  1493172224    106393600
  1493172226    106393600
  1493172228    106393600
  1493172230    106393600
  1493172232    106393600
  1493172234    106393600
  1493172236    106393600
  1493172238    106393600
  1493172240    106393600
  1493172242    106393600
  1493172244    106393600
  1493172246    106393600
  1493172248    106393600
  1493172250    106393600
  1493172252    106393600
  1493172254    106393600
  1493172256    106393600
  1493172258    106393600
  1493172260    106393600
  1493172262    106393600
  1493172264    106393600
  1493172266    106393600
  1493172268    106393600
  1493172270    106393600
  1493172272    106393600
  1493172274    106393600
  1493172276    106393600
  1493172278    106393600
  1493172280    106393600
  1493172282    106393600
  1493172284    106393600
  1493172286    106393600
  1493172288    106393600
  1493172290    106393600
  1493172292    106393600
  1493172294    106393600
  1493172296    106393600
  1493172298    106393600
  1493172300    106393600
  1493172302    106393600
  1493172304    106393600
  1493172306    106393600
  1493172308    106393600
  1493172310    106393600
  1493172312    106393600
  1493172314    106393600
  1493172316    106393600
