  1493172214     97001472
  1493172216    106426368
  1493172218    106426368
  1493172220    106426368
  1493172222    106426368
  1493172224    106426368
  1493172226    106700800
  1493172228    106700800
  1493172231    106700800
  1493172233    106700800
  1493172235    106700800
  1493172237    106700800
  1493172239    106700800
  1493172241    106700800
  1493172243    106700800
  1493172245    106700800
  1493172247    106700800
  1493172249    106700800
  1493172251    106700800
  1493172253    106700800
  1493172255    106700800
  1493172257    106700800
  1493172259    106700800
  1493172261    106700800
  1493172263    106700800
  1493172265    106700800
  1493172267    106700800
  1493172269    106700800
  1493172271    106700800
  1493172273    106700800
  1493172275    106700800
  1493172277    106700800
  1493172279    106700800
  1493172281    106700800
  1493172283    106835968
  1493172285    106835968
  1493172287    106835968
  1493172289    106835968
  1493172291    106835968
  1493172293    107106304
  1493172295    107106304
  1493172297    107106304
  1493172299    107106304
  1493172301    107106304
  1493172303    107106304
  1493172305    107106304
  1493172307    107106304
  1493172309    107106304
  1493172311    107106304
  1493172313    107106304
  1493172315    107106304
  1493172317    107241472
