  1493172222     97779712
  1493172224    107175936
  1493172226    107175936
  1493172228    107175936
  1493172230    107175936
  1493172232    107175936
  1493172234    107175936
  1493172236    107175936
  1493172238    107175936
  1493172240    107732992
  1493172242    107732992
  1493172244    107732992
  1493172246    107732992
  1493172248    107732992
  1493172250    108134400
  1493172252    108134400
  1493172254    108134400
  1493172256    108134400
  1493172258    108134400
  1493172260    108134400
  1493172262    108134400
  1493172264    108134400
  1493172266    108134400
  1493172268    108134400
  1493172270    108134400
  1493172272    108134400
  1493172274    108134400
  1493172276    108134400
  1493172278    108134400
  1493172280    108134400
  1493172282    108134400
  1493172284    108134400
  1493172286    108134400
  1493172288    108134400
  1493172290    108134400
  1493172292    108134400
  1493172294    108134400
  1493172296    108134400
  1493172298    108134400
  1493172300    108134400
  1493172302    108134400
  1493172304    108134400
  1493172306    108134400
  1493172308    108134400
  1493172310    108134400
  1493172312    108134400
  1493172314    108134400
  1493172316    108134400
