  1493172225     97001472
  1493172227    106299392
  1493172229    106299392
  1493172231    106299392
  1493172233    106299392
  1493172235    106299392
  1493172237    106704896
  1493172239    106704896
  1493172241    106704896
  1493172243    106704896
  1493172245    106704896
  1493172247    106704896
  1493172249    106704896
  1493172251    106704896
  1493172254    106704896
  1493172256    106704896
  1493172258    106704896
  1493172260    106704896
  1493172262    106704896
  1493172264    106704896
  1493172266    106704896
  1493172268    106704896
  1493172270    106704896
  1493172272    106704896
  1493172274    106704896
  1493172276    106704896
  1493172278    106704896
  1493172280    106704896
  1493172282    106840064
  1493172284    106840064
  1493172286    106840064
  1493172288    106840064
  1493172290    106840064
  1493172292    107114496
  1493172294    107114496
  1493172296    107114496
  1493172298    107114496
  1493172300    107114496
  1493172302    107114496
  1493172304    107114496
  1493172306    107114496
  1493172308    107114496
  1493172310    107114496
  1493172312    107114496
  1493172314    107114496
  1493172316    107249664
