  1493172216     98095104
  1493172218     98095104
  1493172220     98095104
  1493172222     98095104
  1493172224     98095104
  1493172226     98095104
  1493172228     98095104
  1493172230     98095104
  1493172232     98095104
  1493172234     98095104
  1493172236     98095104
  1493172238     98095104
  1493172240     98095104
  1493172242     98095104
  1493172244     98095104
  1493172246     98095104
  1493172248     98095104
  1493172250     98095104
  1493172252     98095104
  1493172254     98095104
  1493172256     98095104
  1493172258     98095104
  1493172260     98095104
  1493172262     98095104
  1493172264     98095104
  1493172266     98095104
  1493172268     98095104
  1493172270     98095104
  1493172272     98095104
  1493172274     98095104
  1493172276     98095104
  1493172278     98095104
  1493172280    101195776
  1493172282    101195776
  1493172284    101195776
  1493172286    101195776
  1493172288    101195776
  1493172290    102862848
  1493172292    102862848
  1493172294    102862848
  1493172296    102862848
  1493172298    102862848
  1493172300    102862848
  1493172302    102862848
  1493172304    102862848
  1493172306    102862848
  1493172308    102862848
  1493172310    102862848
  1493172312    102862848
  1493172314    102862848
