mongoc sent received
   0            0
  1493172215            0            0
  1493172217          432         1599
  1493172219            0            0
  1493172221            0            0
  1493172223            0            0
  1493172226            0            0
  1493172228           58          194
  1493172230            0            0
  1493172232            0            0
  1493172234            0            0
  1493172236            0            0
  1493172238           58          194
  1493172240            0            0
  1493172242            0            0
  1493172244            0            0
  1493172246            0            0
  1493172248           58          194
  1493172250            0            0
  1493172252            0            0
  1493172254            0            0
  1493172256            0            0
  1493172258           58          194
  1493172260            0            0
  1493172262            0            0
  1493172264            0            0
  1493172266            0            0
  1493172268           58          194
  1493172270            0            0
  1493172272            0            0
  1493172274            0            0
  1493172276            0            0
  1493172278           58          194
  1493172280            0            0
  1493172282            0            0
  1493172284            0            0
  1493172286            0            0
  1493172288           58          194
  1493172290            0            0
  1493172292            0            0
  1493172294            0            0
  1493172296            0            0
  1493172298           58          194
  1493172300            0            0
  1493172302            0            0
  1493172304            0            0
  1493172306            0            0
  1493172308           58          194
  1493172310            0            0
  1493172312            0            0
  1493172314            0            0
