mongoc sent received
   0            0
  1493172219            0            0
  1493172221          437         1599
  1493172223            0            0
  1493172225            0            0
  1493172227            0            0
  1493172229            0            0
  1493172231           58          194
  1493172233            0            0
  1493172235            0            0
  1493172238            0            0
  1493172240            0            0
  1493172242           58          194
  1493172244            0            0
  1493172246            0            0
  1493172248            0            0
  1493172250            0            0
  1493172252           58          194
  1493172254            0            0
  1493172256            0            0
  1493172258            0            0
  1493172260            0            0
  1493172262           58          194
  1493172264            0            0
  1493172266            0            0
  1493172268            0            0
  1493172270            0            0
  1493172272           58          194
  1493172274            0            0
  1493172276            0            0
  1493172278            0            0
  1493172280            0            0
  1493172282        12098        18376
  1493172284            0            0
  1493172286            0            0
  1493172288            0            0
  1493172290            0            0
  1493172292        11908        17630
  1493172294            0            0
  1493172296            0            0
  1493172298            0            0
  1493172300            0            0
  1493172302        13424        12660
  1493172304         6683         6233
  1493172306            0            0
  1493172308            0            0
  1493172310            0            0
  1493172312           58          194
  1493172314            0            0
