mongoc sent received
   0            0
  1493172216            0            0
  1493172219         1397       162857
  1493172221            0            0
  1493172223            0            0
  1493172225            0            0
  1493172227            0            0
  1493172229           58          194
  1493172231            0            0
  1493172233            0            0
  1493172235            0            0
  1493172237            0            0
  1493172239           58          194
  1493172241            0            0
  1493172243            0            0
  1493172245            0            0
  1493172247            0            0
  1493172249           58          194
  1493172251            0            0
  1493172253            0            0
  1493172255            0            0
  1493172257            0            0
  1493172259           58          194
  1493172261            0            0
  1493172263            0            0
  1493172265            0            0
  1493172267            0            0
  1493172269           58          194
  1493172271            0            0
  1493172273            0            0
  1493172275            0            0
  1493172277            0            0
  1493172279           58          194
  1493172281            0            0
  1493172283         1177        38965
  1493172285            0            0
  1493172287            0            0
  1493172289           58          194
  1493172291            0            0
  1493172293            0            0
  1493172295            0            0
  1493172297            0            0
  1493172299           58          194
  1493172301            0            0
  1493172303            0            0
  1493172305            0            0
  1493172307            0            0
  1493172309           58          194
  1493172311            0            0
  1493172313            0            0
  1493172315            0            0
