mongoc sent received
   0            0
  1493172218            0            0
  1493172221          432         1599
  1493172223            0            0
  1493172225            0            0
  1493172227            0            0
  1493172229            0            0
  1493172231           58          194
  1493172233            0            0
  1493172235            0            0
  1493172237            0            0
  1493172239            0            0
  1493172241           58          194
  1493172243            0            0
  1493172245            0            0
  1493172247            0            0
  1493172249            0            0
  1493172251           58          194
  1493172253            0            0
  1493172255            0            0
  1493172257            0            0
  1493172259            0            0
  1493172261           58          194
  1493172263            0            0
  1493172265            0            0
  1493172267            0            0
  1493172269            0            0
  1493172271           58          194
  1493172273            0            0
  1493172275            0            0
  1493172277            0            0
  1493172279            0            0
  1493172281          644        40310
  1493172283         1500       138638
  1493172285         7982          284
  1493172287            0            0
  1493172289            0            0
  1493172291         1294       124776
  1493172293          618        62290
  1493172295            0            0
  1493172297            0            0
  1493172299            0            0
  1493172301           58          194
  1493172303            0            0
  1493172305            0            0
  1493172307            0            0
  1493172309            0            0
  1493172311           58          194
  1493172313            0            0
  1493172315            0            0
