mongoc sent received
   0            0
  1493172213            0            0
  1493172215          771         2451
  1493172217            0            0
  1493172219            0            0
  1493172221            0            0
  1493172223            0            0
  1493172226           58          194
  1493172228            0            0
  1493172230            0            0
  1493172232            0            0
  1493172234            0            0
  1493172236           58          194
  1493172238            0            0
  1493172240            0            0
  1493172242            0            0
  1493172244            0            0
  1493172246           58          194
  1493172248            0            0
  1493172250            0            0
  1493172252            0            0
  1493172254            0            0
  1493172256           58          194
  1493172258            0            0
  1493172260            0            0
  1493172262            0            0
  1493172264            0            0
  1493172266           58          194
  1493172268            0            0
  1493172270            0            0
  1493172272            0            0
  1493172274            0            0
  1493172276           58          194
  1493172278            0            0
  1493172280          278          142
  1493172282          112          242
  1493172284            0            0
  1493172286           58          194
  1493172288            0            0
  1493172290            0            0
  1493172292            0            0
  1493172294            0            0
  1493172296           58          194
  1493172298            0            0
  1493172300            0            0
  1493172302            0            0
  1493172304            0            0
  1493172306           58          194
  1493172308            0            0
  1493172310            0            0
  1493172312            0            0
  1493172314            0            0
