mongoc sent received
   0            0
  1493172214            0            0
  1493172216          432         1599
  1493172218            0            0
  1493172220            0            0
  1493172222            0            0
  1493172224            0            0
  1493172226           58          194
  1493172228            0            0
  1493172230            0            0
  1493172233            0            0
  1493172235            0            0
  1493172237           58          194
  1493172239            0            0
  1493172241            0            0
  1493172243            0            0
  1493172245            0            0
  1493172247           58          194
  1493172249            0            0
  1493172251            0            0
  1493172253            0            0
  1493172255            0            0
  1493172257           58          194
  1493172259            0            0
  1493172261            0            0
  1493172263            0            0
  1493172265            0            0
  1493172267           58          194
  1493172269            0            0
  1493172271            0            0
  1493172273            0            0
  1493172275            0            0
  1493172277           58          194
  1493172279            0            0
  1493172281            0            0
  1493172283         1209        41459
  1493172285            0            0
  1493172287           58          194
  1493172289            0            0
  1493172291          345        13652
  1493172293          690        27307
  1493172295            0            0
  1493172297           58          194
  1493172299            0            0
  1493172301            0            0
  1493172303            0            0
  1493172305            0            0
  1493172307           58          194
  1493172309            0            0
  1493172311            0            0
  1493172313            0            0
  1493172315            0            0
